MSE: 39.488761
PSNR: 14.8541 dB
SSIM: 0.8151
MAE: 2.113513
