MSE: 40.658148
PSNR: 14.5930 dB
SSIM: 0.8333
MAE: 2.072590
