MSE: 45.532019
PSNR: 14.1336 dB
SSIM: 0.7469
MAE: 2.353850
